arvot[0] = 0.062500
arvot[1] = 0.125000
arvot[2] = 0.187500
arvot[3] = 0.250000
arvot[4] = 0.312500
arvot[5] = 0.375000
arvot[6] = 0.437500
arvot[7] = 0.500000
arvot[8] = 0.562500
arvot[9] = 0.625000
arvot[10] = 0.687500
arvot[11] = 0.750000
arvot[12] = 0.812500
arvot[13] = 0.875000
arvot[14] = 0.937500
arvot[15] = 1.000000
arvot[16] = 1.062500
arvot[17] = 1.125000
